blocked_10_0 = [0.45748
0.53462
0.79753
0.49466
0.39360
0.58386
0.65928
0.31307
0.36477
0.53433
0.47381
0.23413
0.55176
0.40672
0.34909
0.45333
0.57561
0.54432
0.46961
0.32406
0.62112
0.74474
0.66907
0.59946
0.37274
0.31447
0.42452
0.37175
0.28534
0.34621
0.66774
0.42216
0.55351
0.50492
0.45467
0.53778
0.64568
0.54845
0.65274
0.58950
0.42429
0.39401
0.31438
0.49974
0.35870
0.34899
0.50438
0.57262
0.85293
0.57728
0.72803
0.50626
0.59060
0.24337
0.68385
0.53206
0.71732
0.77479
0.39651
0.63841
0.73164
0.67288
0.23517
0.53634
0.45237
0.76589
0.78961
0.55866
0.62565
0.44808
0.37443
0.42407
0.61366
0.54278
0.50013
0.54873
0.54888
0.21864
0.38850
0.49453
0.57262
0.53662
0.71015
0.50092
0.28758
0.45129
0.47619
0.39883
0.60959
0.55453
0.50185
0.36842
0.37413
0.39641
0.60590
0.23628
0.70478
0.69606
0.44179
0.52029];

blocked_10_1 = [1.5339
1.7312
1.9810
1.6402
1.5482
1.4066
1.3977
1.4610
1.3288
1.5496
1.3951
1.2747
1.6027
1.7354
1.1815
1.4133
1.6484
1.6330
1.6436
1.1072
1.8093
2.1058
1.7241
1.6076
1.6507
1.5199
1.0878
1.5666
1.2970
1.1451
1.8429
1.5303
1.7396
1.3553
1.4175
1.4520
2.0178
1.8282
1.7232
1.5809
1.7502
1.4972
1.5195
1.6044
1.4860
1.6376
1.5928
1.8220
2.2486
2.0729
2.1581
1.6787
1.4765
1.6225
1.8148
1.8090
1.7800
2.2211
1.2953
1.8897
2.1949
1.8892
1.2281
1.4481
1.3039
2.0934
2.1141
1.8622
1.7987
1.5551
1.2570
1.4842
1.6275
1.8351
1.8952
1.8814
1.5944
0.68325
1.1655
1.7439
1.8220
1.5294
1.8148
1.4237
1.3595
1.8582
1.7989
1.3294
1.9083
1.6900
1.7169
1.4737
1.3095
1.2949
1.6070
1.2864
1.7750
1.8304
1.7931
1.6389];

blocked_10_2 = [3.3100
4.2006
4.5794
3.8792
3.7523
3.2643
3.4810
3.3394
3.2830
3.3930
3.7378
3.4860
4.0462
3.8503
2.8195
3.6267
3.8462
3.4733
3.5481
2.8085
3.9427
4.6482
4.0659
3.5695
3.6741
3.7474
3.0777
3.6113
3.3204
3.3555
3.8996
3.8522
4.3753
3.6673
3.3164
3.3880
4.0893
4.2048
3.6815
3.5370
3.7656
3.3360
3.7464
3.4982
4.0994
3.4362
3.6634
4.3207
4.8333
4.5133
4.6802
3.9435
3.6779
3.6777
3.9190
4.0702
3.9851
4.8295
3.2514
4.0092
4.3376
4.7101
3.0834
3.3521
3.2198
4.5188
4.4320
4.3895
4.5099
3.2683
3.4501
3.6576
4.1889
4.1096
4.4222
4.5728
3.6853
2.6510
3.2375
4.1905
4.0344
3.6222
3.8401
4.0337
3.7386
4.1147
4.1534
3.3236
4.0286
4.1194
3.8299
3.5789
3.1801
3.6469
4.0306
3.2029
4.2809
4.4341
4.2879
3.6420];

blocked_11_0 = [0.13455
0.28004
0.20581
0.20828
0.10496
0.079618
0.26371
0.18262
0.15633
0.26717
0.13161
0.026015
0.26274
0.16269
0.053706
0.16000
0.18315
0.25920
0.18262
0.13503
0.18904
0.35953
0.23160
0.32698
0.10650
0.15723
0.18573
0.18587
0.077821
0.026631
0.26709
0.13193
0.21086
0.13287
0.21396
0.29578
0.37665
0.28728
0.28721
0.16077
0.26518
0.13134
0.052397
0.13151
0.15373
0.10738
0.13273
0.20822
0.38770
0.18368
0.26001
0.18652
0.26846
0.081125
0.39453
0.26603
0.29224
0.38740
0.13217
0.28090
0.31356
0.31056
0.10452
0.26817
0.18627
0.30636
0.33113
0.23943
0.18248
0.13179
0.18722
0.10602
0.21345
0.23262
0.28955
0.15678
0.20910
0.054660
0.051800
0.20822
0.23425
0.26831
0.39453
0.13182
0.078431
0.18582
0.29101
0.15953
0.23854
0.29047
0.26413
0.078947
0.080171
0.21142
0.10537
0.15752
0.33934
0.30936
0.20790
0.26015];

dropped_10_0 = [1.1625
1.6637
1.9969
1.5960
1.6333
1.1212
1.0619
1.2824
1.0199
0.96696
1.0579
0.93872
1.2417
1.2524
1.0509
1.2323
1.1316
1.3552
1.5990
1.2192
1.3043
1.8887
1.2953
0.98684
1.6034
1.2355
0.95923
1.1194
1.3788
1.1758
1.4251
1.5103
1.6433
1.1218
1.1016
0.94620
1.5976
1.2605
1.4980
1.2399
1.6778
1.2922
1.2352
0.84589
1.2343
1.4009
1.5208
1.1518
2.1116
1.5044
1.8072
1.2319
1.3233
1.6807
1.7214
1.2838
1.6591
2.0042
0.82272
1.6962
1.6057
1.8760
0.96909
1.5098
1.0425
1.6208
1.7202
1.2306
1.6264
1.2708
1.0738
1.3575
1.1812
1.6632
1.9577
1.4188
1.1038
1.0956
0.91004
1.4387
1.4660
1.1600
1.4305
1.0334
1.3634
1.3333
1.5949
1.0678
1.3867
1.7525
1.3008
1.1358
0.93884
1.2735
1.3517
0.92105
1.8139
1.2980
1.5662
1.5429];

dropped_10_1 = [0.71058
1.1140
1.2336
0.74113
0.93284
0.69987
0.69537
0.66190
0.60734
0.40706
0.61399
0.55336
0.82777
0.57947
0.57065
0.75737
0.50545
0.71146
0.98143
0.76461
0.68757
1.2067
1.0212
0.63694
1.1099
0.93135
0.64378
0.72835
0.86728
0.94289
0.81633
0.88424
0.93884
0.75431
0.70537
0.46385
0.85118
0.77148
0.92986
0.57174
0.97166
0.77333
0.66507
0.45442
0.85826
0.76419
1.0521
0.76882
1.2163
0.96463
1.2490
0.70461
0.98093
1.0445
0.93758
0.51477
1.1902
1.0565
0.45528
0.93701
0.80150
1.1870
0.52910
1.0068
0.78188
0.54759
0.96279
0.62348
1.2477
0.85676
0.59588
0.94162
0.75943
0.84255
1.0732
0.93209
0.55777
0.77050
0.41929
0.79470
0.79533
0.79019
0.72328
0.56165
0.76862
0.70327
0.91595
0.59283
0.91867
1.1550
0.77936
0.80128
0.43325
0.69612
0.99063
0.58511
1.1959
0.78782
0.74094
0.79344];

dropped_10_2 = [0.41748
0.53149
0.59315
0.35211
0.49073
0.32922
0.24590
0.32389
0.35022
0.082965
0.24610
0.35040
0.27382
0.19741
0.22106
0.33204
0.19048
0.37594
0.54098
0.38900
0.19680
0.40399
0.42918
0.19780
0.63571
0.38116
0.19162
0.24793
0.40247
0.38578
0.27793
0.30187
0.30320
0.24828
0.30429
0.25049
0.28050
0.43621
0.43372
0.33333
0.46845
0.35326
0.32662
0.19079
0.53433
0.38921
0.49600
0.32644
0.48886
0.35724
0.49100
0.33287
0.47380
0.53341
0.49275
0.24958
0.58107
0.51560
0.24590
0.47885
0.35509
0.48886
0.18873
0.38846
0.46742
0.13369
0.50640
0.27824
0.68250
0.29973
0.27701
0.41265
0.33417
0.37736
0.41311
0.21906
0.21710
0.42111
0.053533
0.21733
0.32547
0.33408
0.24617
0.21978
0.35307
0.35991
0.33122
0.27503
0.46948
0.60589
0.30211
0.40939
0.13801
0.41141
0.43920
0.29835
0.49086
0.29674
0.29867
0.35097];

dropped_11_0 = [0.51199
0.71483
0.85073
0.62614
0.84056
0.50465
0.39662
0.39205
0.33925
0.29467
0.36900
0.20817
0.36881
0.70614
0.48361
0.50748
0.41940
0.41580
0.81025
0.51379
0.37879
0.69588
0.69641
0.43740
0.90618
0.52493
0.45189
0.23943
0.57113
0.42621
0.42849
0.73976
0.71315
0.37254
0.48244
0.32362
0.70213
0.52383
0.60225
0.45625
0.55836
0.39453
0.55046
0.21069
0.48755
0.61811
0.74428
0.52165
1.0898
0.65720
1.1470
0.42712
0.64603
0.75778
0.66015
0.72019
0.79936
1.0371
0.26469
0.99872
0.52425
0.90862
0.31389
0.61845
0.61317
0.51216
0.86890
0.53333
0.94019
0.50145
0.40193
0.55718
0.42781
0.69948
0.92397
0.60194
0.44526
0.51955
0.38870
0.52165
0.75659
0.56497
0.47531
0.50158
0.49712
0.58511
0.74290
0.42610
0.61105
0.79449
0.45021
0.44772
0.34769
0.29131
0.58017
0.31554
0.81194
0.67236
0.57292
0.75639];
