blocked_1_10000_100_10_0 = [1.1572
 1.6548
 1.9810
 1.5881
 1.6269
 1.1146
 1.0549
 1.2784
 1.0162
 0.96180
 1.0529
 0.93652
 1.2349
 1.2473
 1.0473
 1.2267
 1.1251
 1.3478
 1.5914
 1.2152
 1.2962
 1.8747
 1.2867
 0.98093
 1.5974
 1.2317
 0.95516
 1.1152
 1.3748
 1.1718
 1.4156
 1.5040
 1.6342
 1.1161
 1.0965
 0.94111
 1.5873
 1.2536
 1.4883
 1.2326
 1.6706
 1.2871
 1.2313
 0.84166
 1.2298
 1.3960
 1.5131
 1.1452
 2.0936
 1.4957
 1.7941
 1.2257
 1.3154
 1.6766
 1.7096
 1.2769
 1.6472
 1.9886
 0.81946
 1.6854
 1.5939
 1.8634
 0.96681
 1.5017
 1.0378
 1.6084
 1.7066
 1.2237
 1.6163
 1.2652
 1.0698
 1.3517
 1.1740
 1.6542
 1.9479
 1.4110
 1.0978
 1.0932
 0.90650
 1.4315
 1.4576
 1.1537
 1.4203
 1.0282
 1.3595
 1.3273
 1.5873
 1.0635
 1.3782
 1.7428
 1.2942
 1.1316
 0.93533
 1.2685
 1.3435
 0.91888
 1.8011
 1.2890
 1.5593
 1.5349];

dropped_1_10000_100_10_0 = [1.1625
1.6637
1.9969
1.5960
1.6333
1.1212
1.0619
1.2824
1.0199
0.96696
1.0579
0.93872
1.2417
1.2524
1.0509
1.2323
1.1316
1.3552
1.5990
1.2192
1.3043
1.8887
1.2953
0.98684
1.6034
1.2355
0.95923
1.1194
1.3788
1.1758
1.4251
1.5103
1.6433
1.1218
1.1016
0.94620
1.5976
1.2605
1.4980
1.2399
1.6778
1.2922
1.2352
0.84589
1.2343
1.4009
1.5208
1.1518
2.1116
1.5044
1.8072
1.2319
1.3233
1.6807
1.7214
1.2838
1.6591
2.0042
0.82272
1.6962
1.6057
1.8760
0.96909
1.5098
1.0425
1.6208
1.7202
1.2306
1.6264
1.2708
1.0738
1.3575
1.1812
1.6632
1.9577
1.4188
1.1038
1.0956
0.91004
1.4387
1.4660
1.1600
1.4305
1.0334
1.3634
1.3333
1.5949
1.0678
1.3867
1.7525
1.3008
1.1358
0.93884
1.2735
1.3517
0.92105
1.8139
1.2980
1.5662
1.5429];

blocked_1_10000_100_10_1 = [0.69968
1.0947
1.2092
0.72898
0.91839
0.69002
0.68565
0.65223
0.59927
0.40075
0.60542
0.54631
0.81450
0.56941
0.56391
1.1625
1.6637
1.9969
1.5960
1.6333
1.1212
1.0619
1.2824
1.0199
0.96696
1.0579
0.93872
1.2417
1.2524
1.0509
1.2323
1.1316
1.3552
1.5990
1.2192
1.3043
1.8887
1.2953
0.98684
1.6034
1.2355
0.95923
1.1194
1.3788
1.1758
1.4251
1.5103
1.6433
1.1218
1.1016
0.94620
1.5976
1.2605
1.4980
1.2399
1.6778
1.2922
1.2352
0.84589
1.2343
1.4009
1.5208
1.1518
2.1116
1.5044
1.8072
1.2319
1.3233
1.6807
1.7214
1.2838
1.6591
2.0042
0.82272
1.6962
1.6057
1.8760
0.96909
1.5098
1.0425
1.6208
1.7202
1.2306
1.6264
1.2708
1.0738
1.3575
1.1812
1.6632
1.9577
1.4188
1.1038
1.0956
0.91004
1.4387
1.4660
1.1600
1.4305
1.0334
1.3634
1.3333
1.5949
1.0678
1.3867
1.7525
1.3008
1.1358
0.93884
1.2735
1.3517
0.92105
1.8139
1.2980
1.5662
1.5429
0.74667
0.49712
0.69984
0.96530
0.75614
0.67513
1.1813
1.0036
0.62670
1.0916
0.91719
0.63677
0.71694
0.85603
0.93209
0.80128
0.87071
0.92251
0.74409
0.69537
0.45711
0.83401
0.75738
0.91384
0.56270
0.95465
0.76175
0.65496
0.44713
0.84550
0.75168
1.0353
0.75482
1.1889
0.94463
1.2220
0.69278
0.96644
1.0276
0.92057
0.50545
1.1690
1.0331
0.44938
0.91931
0.78390
1.1646
0.52260
0.99222
0.77169
0.53612
0.94244
0.61186
1.2252
0.84344
0.58839
0.92764
0.74707
0.82709
1.0529
0.91455
0.54888
0.76524
0.41440
0.78084
0.78084
0.77811
0.71015
0.55365
0.75817
0.69020
0.89947
0.58495
0.90114
1.1355
0.76598
0.78947
0.42758
0.68710
0.97471
0.57758
1.1746
0.77340
0.72765
0.78044];

dropped_1_10000_100_10_1 = [0.71058
1.1140
1.2336
0.74113
0.93284
0.69987
0.69537
0.66190
0.60734
0.40706
0.61399
0.55336
0.82777
0.57947
0.57065
0.75737
0.50545
0.71146
0.98143
0.76461
0.68757
1.2067
1.0212
0.63694
1.1099
0.93135
0.64378
0.72835
0.86728
0.94289
0.81633
0.88424
0.93884
0.75431
0.70537
0.46385
0.85118
0.77148
0.92986
0.57174
0.97166
0.77333
0.66507
0.45442
0.85826
0.76419
1.0521
0.76882
1.2163
0.96463
1.2490
0.70461
0.98093
1.0445
0.93758
0.51477
1.1902
1.0565
0.45528
0.93701
0.80150
1.1870
0.52910
1.0068
0.78188
0.54759
0.96279
0.62348
1.2477
0.85676
0.59588
0.94162
0.75943
0.84255
1.0732
0.93209
0.55777
0.77050
0.41929
0.79470
0.79533
0.79019
0.72328
0.56165
0.76862
0.70327
0.91595
0.59283
0.91867
1.1550
0.77936
0.80128
0.43325
0.69612
0.99063
0.58511
1.1959
0.78782
0.74094
0.79344];