bajsa= [1.051 
6.438 
2.646 
0.805 
1.505
0.546 
2.281 
2.822 
0.414 
1.30];