test_list_mf = [118.95010465206241
121.89930560709495
114.511632077726
112.12068763130314
134.42591575999333
113.41340662497751
106.81496950548178
106.27885580701378
117.83455633218837
106.76979434652125
111.7460966398308
116.75586748558015
121.60397487784472
121.18517800053284
108.43551562402246
128.81894840893173
131.60138605599025
114.05742103486749
123.72765330839155
121.74806615340582
142.49642184638688
125.31162280188647
116.7146350568966
128.01502450282973
135.141406068823
117.88302332370735
121.44078792926618
115.20714175313303
126.25021871250323
115.02386205094153
123.47194265573447
130.18680779407816
124.07973962015369
139.6367546051539
114.02539847520522
134.40171044198084
108.01969576525663
131.15441984476047
117.52314437271485
103.13935120884301
128.9264035322159
121.09458988079945
121.25690226315538
118.27913146331446
124.21164956439145
123.1494380657215
119.54193557681921
129.86635827077794
114.17973501553594
112.19426148875876
127.19965313698209
124.3611941363149
120.38192446977054
124.17980812350537
116.81795285887435
126.0197051102404
111.28400233814519
121.42399123059305
124.3938337452056
117.29236136165827
118.89585707651915
121.12029825271895
115.07422754033136
118.63982052888186
118.63317545279004
118.66143192167642
130.60748908000917
112.59683709988715
124.95764213544008
110.44257108356143
107.63394117270644
120.01014440704523
124.43926712951207
129.13886363963553
120.97449293018956
112.41095768226617
110.19107434382033
142.15245501168243
134.99662872340227
122.02469340032552
107.97659935027966
120.64034080439063
121.96231926577613
121.86688177982396
122.33314875087287
113.8779027742659
125.25996173314518
119.00874777158468
117.40012057710524
105.01723566639832
119.7827238336836
114.56680395620589
119.43200425702328
119.26003824972291
133.29315233712938
125.81949406397285
127.51645914510333
116.1952803397905
133.40351630330503
107.38181078462095
130.20576075714663
118.07488905661256
110.07198454019805
124.03877236783231
100.18936349182741
145.39765390338104
116.85960140310668
126.05778103041122
115.21895872210733
110.40053688023613
127.61282659866563
127.70329095037324
122.38724037170248
143.68081400384654
111.52093480262216
117.23450220552643
116.1201433387334
114.49003940678107
132.8576183812462
128.30766012123917
106.41914128313603
130.4303344675434
131.4532592388995
123.57779979204439
110.22252819484179
132.05692113722932
124.09190710150047
124.6138969269668
116.70936453918367
120.76371464147789
120.20314482079402
109.3987800928414
95.48309237144959
122.69305765107474
115.18872724841782
114.9441977750878
126.02486859209662
132.88656162294723
120.20474129208748
117.79373045732237
122.00413187878989
127.56529003750254
125.07141898990785
124.73681920201722
130.3221551921975
94.08039634331851
128.0944926810521
121.45929074010925
120.5477935657755
121.14474497823359
121.3816330608828
116.63727582907359
122.2610395076629
127.76324682357925
111.15587742725086
128.88895539343406
115.67295121745222
126.59125207645424
118.27808531674411
122.86714802912608
113.39967047599099
119.18768311632888
130.57094031815825
112.49650256878985
134.90611130509816
127.5969566774133
122.64747990360028
115.85241094294751
134.99939757671473
134.36876945108824
124.23241999761166
134.10854859504252
126.40252608415281
132.07625122638166
117.52016027366949
111.43190044383489
129.07507046671597
115.55802091296194
121.15961013525272
120.76335025557285
127.90480430812211
121.50333448473849
130.41034096901924
125.59170651689762
117.48949034825903
122.82396925913376
127.01237950974304
133.7378559637508
130.7767932002091
121.96033362770099
126.74430009526083
122.83976870452152
115.14227962626427
110.94794284232694
109.34770025969902
119.31364224117999
114.49697327022477
106.13745830931585
117.33257896514431
113.08947722993881
134.38458001152932
113.60663710516938
111.44247955066649
124.9814465535183
114.09491278111504
107.80488222371186
108.07447964984452
132.41274262093626
107.4706352939453
110.03618789041965
124.31579265719508
117.9571027918379
131.11384483371342
133.68334395301892
127.47376092999937
126.98681370964104
114.68343995120632
110.96105423929222
113.07982565956485
121.04986138932749
129.06797230321627
115.58830797982259
121.68657271967274
115.88200693588288
123.17214079423916
132.84945294813153
115.34206811528438
122.38074121785391
129.00481941686166
125.8013676263939
131.26471987814787
114.29026537511386
126.80797054328632
114.12651775793961
121.68868026749234
127.19441874522069
127.26733992468428
115.44008660617082
122.05319350609973
119.41319764893156
127.47336523145701
132.87573722109386
132.24035932481505
118.20430079107471
111.32124378499178
123.99079660770958
128.2143303557409
120.04891894914532
134.33829705816098
108.37111324101139
130.1363682835621
116.3449726276489
122.07484495822376
125.39249214229896
124.29097052210582
125.25669129994063
131.8320127714482
120.67972536795969
120.10493553370806
126.97730733898135
109.30736453884222
127.98953269102219
122.33474396309819
130.0632008685272
136.4219958098669
129.51459997560062
127.09335330581759
125.18165711257294
115.27761861957123
114.12727476173133
129.04955567318194
119.312247008696
115.82991892469212
117.91234376786049
102.3163288630254
124.08704306742086
122.04691974871832
110.89396628149487
122.67340418892489
124.09594780612743
126.13230137271783
132.80066532231757
128.01812797120854
122.95039095496342
120.42143326995712
125.301418522973
128.39791242132483
123.68396879098866
125.6013378112952
118.08124876440488
112.37226374371173
112.91933986101097
120.52662910866863
125.64526296370244
119.34298197241179
139.007164191265
120.2205866200387
122.42244439667947
117.2280589523513
119.77830186369336
139.33191481514143
111.97595346680215
114.45610477311736
110.95178788870253
142.83780454082182
109.67425644766682
120.87863956908966
112.18654530235952
126.95211386092633
119.21794642206402
125.74088563285238
120.0416452104785
136.64068851002577
114.26898947102175
114.24499976453376
129.95265779110346
129.19591271416522
122.64903700613003
127.05735216059773
128.60214009125292
115.18147971394374
137.55253348897313
117.61807331716231
123.46650006848654
123.22863608830282
130.5917393067534
135.9564409268043
125.21765314829354
129.04848068477074
117.45618059934804
123.72200398185446
141.53813058356303
119.81895403458422
104.44399375979663
114.35485692951247
132.03030176343856
117.53237936995384
122.52000298305367
125.93430123270589
119.48785726688385
118.81650075784857
116.52117041637555
123.75787691704741
112.78611888670456
124.70437398844166
121.3370807250546
128.57150285019225
118.63531612002116
133.68714748644877
138.78662681003954
130.10408389328427
126.59964966225932
135.37067095543227
114.44118868875876
118.53731918985741
111.57164992617115
128.20718788973247
112.67238587753307
118.33868566756188
129.2649700498878
133.16753304261178
125.22350165779429
116.75889161772365
121.47498509367149
130.73037191866803
116.67917958550818
124.88671865575452
105.29335530562771
118.44651930762048
111.37530268073988
127.28744218498332
133.18608092291836
127.67854876452091
128.65185435066402
123.03610068822802
105.14991638164994
118.13122145465448
124.05075150356028
130.02892672968156
103.56675116840862
128.9224970723862
123.71078908598007
123.0607387890015
127.43287761120021
109.32206017152104
110.1682404266285
128.59159968164647
125.20932257126225
111.02390356067579
120.0595353261343
142.43899554666325
125.09459044261959
120.69356807025416
126.10156867883721
114.11782317101512
117.67839031183642
117.44988869230954
128.38226591823332
122.41365606776236
123.98816782051342
119.59698593615246
129.44293580380665
115.96742428905057
115.34886972644516
118.71897808395445
119.71295658999766
123.92507083366954
130.4666716115274
123.32468877625693
140.1381118168827
119.4917851039727
131.36706734665492
119.29741151980073
130.05681300718348
118.12720525689967
119.92254442015874
124.7149476943416
121.43547828986718
131.48231591446208
120.00123681314179
105.37784009988727
135.45799038492473
120.34946625684407
